

Reformate Pretty Print for initial zeroFramedAry: 

25 31 0 1
   0   0   0   0   0   0   0   0   0   0   0   0   0   0   0   0   0   0   0   0   0   0   0   0   0   0   0   0   0   0   0   0   0
   0   1   0   0   0   0   0   0   0   0   0   0   0   0   0   0   1   0   0   0   0   0   0   0   0   0   0   0   0   0   1   0   0
   0   1   1   0   0   0   0   0   0   0   0   0   0   0   0   0   1   0   0   0   0   0   0   0   0   0   0   0   0   0   1   0   0
   0   0   0   1   0   0   0   0   0   0   0   0   0   0   0   1   1   1   0   0   0   0   0   0   0   0   0   0   1   1   0   0   0
   0   0   0   0   1   1   1   0   0   0   0   0   0   0   1   1   1   1   1   0   0   0   0   0   0   0   0   1   1   0   0   0   0
   0   0   0   0   0   1   1   0   0   0   0   0   0   1   1   1   1   1   1   1   0   0   0   0   0   0   1   1   0   0   0   0   0
   0   0   0   1   0   0   0   0   0   0   0   0   1   1   1   1   0   0   1   1   1   0   0   0   0   0   1   0   0   0   0   0   0
   0   0   0   1   1   1   1   0   0   0   0   1   1   1   1   1   0   1   1   1   1   1   0   0   0   0   0   0   0   0   0   0   0
   0   0   1   0   1   0   0   0   0   0   1   1   1   1   1   1   1   1   1   1   1   1   1   0   0   0   0   1   1   0   0   0   0
   0   0   0   1   0   1   0   0   0   0   1   1   0   1   1   0   0   1   1   1   0   1   1   0   0   0   0   1   0   0   0   0   0
   0   0   0   0   0   1   0   1   0   0   1   1   1   1   1   0   0   1   1   0   1   1   1   0   0   0   0   1   0   0   0   0   0
   0   0   0   1   0   0   0   0   0   0   1   1   1   1   1   1   1   1   1   1   1   1   1   0   0   0   0   1   0   0   0   0   0
   0   0   0   1   1   1   1   1   1   1   1   1   0   1   1   1   1   1   1   1   1   1   1   1   1   1   1   1   1   0   0   0   0
   0   0   0   0   0   0   1   0   0   0   1   1   1   1   1   1   1   0   0   1   1   1   1   0   0   0   0   0   0   0   0   0   0
   0   0   0   0   0   1   0   0   0   0   1   1   1   1   0   1   1   1   0   1   1   1   1   0   0   0   0   0   0   0   0   0   0
   0   0   0   0   1   0   0   0   0   0   0   1   1   1   1   0   1   1   1   1   1   1   0   1   0   0   0   0   0   0   0   0   0
   0   0   0   0   0   0   0   0   0   0   1   0   0   1   1   0   1   1   1   1   0   0   0   0   1   1   1   0   0   0   0   0   0
   0   0   0   0   0   0   0   0   0   1   0   0   0   0   1   1   1   1   1   0   0   0   0   0   0   1   0   0   0   0   0   0   0
   0   0   0   0   0   0   0   0   1   0   0   0   0   0   0   1   1   1   0   0   1   0   0   0   0   1   1   0   0   0   0   0   0
   0   0   0   0   0   0   0   1   0   0   0   0   0   0   0   0   1   0   0   0   0   1   0   0   0   0   0   0   0   0   0   0   0
   0   0   0   0   0   0   0   0   0   0   0   0   0   1   0   0   1   0   0   0   0   0   0   0   0   0   0   0   0   0   0   0   0
   0   0   0   0   1   0   0   0   0   0   0   0   0   1   0   0   1   0   0   0   0   0   0   0   0   0   0   0   0   0   0   0   0
   0   0   0   1   1   1   0   0   0   0   0   0   0   1   0   0   1   0   0   0   0   0   0   0   0   0   0   0   0   0   0   0   0
   0   0   0   1   1   1   0   0   0   0   1   1   1   1   1   1   1   1   0   0   0   0   0   0   1   0   1   0   0   0   0   0   0
   0   0   0   0   1   0   0   0   0   0   0   0   0   0   0   1   1   1   0   0   0   0   0   0   1   1   0   0   0   0   0   0   0
   0   0   0   0   0   0   0   0   0   0   0   0   0   0   1   1   1   1   1   0   0   0   0   0   1   0   0   0   0   0   0   0   0
   0   0   0   0   0   0   0   0   0   0   0   0   0   0   0   0   0   0   0   0   0   0   0   0   0   0   0   0   0   0   0   0   0


Result of 8-Connected Pass 1: 

25 31 0 14
   0   0   0   0   0   0   0   0   0   0   0   0   0   0   0   0   0   0   0   0   0   0   0   0   0   0   0   0   0   0   0   0   0
   0   1   0   0   0   0   0   0   0   0   0   0   0   0   0   0   2   0   0   0   0   0   0   0   0   0   0   0   0   0   3   0   0
   0   1   1   0   0   0   0   0   0   0   0   0   0   0   0   0   2   0   0   0   0   0   0   0   0   0   0   0   0   0   3   0   0
   0   0   0   1   0   0   0   0   0   0   0   0   0   0   0   2   2   2   0   0   0   0   0   0   0   0   0   0   4   3   0   0   0
   0   0   0   0   1   1   1   0   0   0   0   0   0   0   2   2   2   2   2   0   0   0   0   0   0   0   0   4   3   0   0   0   0
   0   0   0   0   0   1   1   0   0   0   0   0   0   2   2   2   2   2   2   2   0   0   0   0   0   0   4   3   0   0   0   0   0
   0   0   0   5   0   0   0   0   0   0   0   0   2   2   2   2   0   0   2   2   2   0   0   0   0   0   3   0   0   0   0   0   0
   0   0   0   5   5   5   5   0   0   0   0   2   2   2   2   2   0   2   2   2   2   2   0   0   0   0   0   0   0   0   0   0   0
   0   0   5   0   5   0   0   0   0   0   2   2   2   2   2   2   2   2   2   2   2   2   2   0   0   0   0   6   6   0   0   0   0
   0   0   0   5   0   5   0   0   0   0   2   2   0   2   2   0   0   2   2   2   0   2   2   0   0   0   0   6   0   0   0   0   0
   0   0   0   0   0   5   0   7   0   0   2   2   2   2   2   0   0   2   2   0   2   2   2   0   0   0   0   6   0   0   0   0   0
   0   0   0   8   0   0   0   0   0   0   2   2   2   2   2   2   2   2   2   2   2   2   2   0   0   0   0   6   0   0   0   0   0
   0   0   0   8   8   8   8   8   8   2   2   2   0   2   2   2   2   2   2   2   2   2   2   2   2   2   2   2   2   0   0   0   0
   0   0   0   0   0   0   8   0   0   0   2   2   2   2   2   2   2   0   0   2   2   2   2   0   0   0   0   0   0   0   0   0   0
   0   0   0   0   0   8   0   0   0   0   2   2   2   2   0   2   2   2   0   2   2   2   2   0   0   0   0   0   0   0   0   0   0
   0   0   0   0   8   0   0   0   0   0   0   2   2   2   2   0   2   2   2   2   2   2   0   2   0   0   0   0   0   0   0   0   0
   0   0   0   0   0   0   0   0   0   0   2   0   0   2   2   0   2   2   2   2   0   0   0   0   2   2   2   0   0   0   0   0   0
   0   0   0   0   0   0   0   0   0   2   0   0   0   0   2   2   2   2   2   0   0   0   0   0   0   2   0   0   0   0   0   0   0
   0   0   0   0   0   0   0   0   2   0   0   0   0   0   0   2   2   2   0   0   9   0   0   0   0   2   2   0   0   0   0   0   0
   0   0   0   0   0   0   0   2   0   0   0   0   0   0   0   0   2   0   0   0   0   9   0   0   0   0   0   0   0   0   0   0   0
   0   0   0   0   0   0   0   0   0   0   0   0   0  10   0   0   2   0   0   0   0   0   0   0   0   0   0   0   0   0   0   0   0
   0   0   0   0  11   0   0   0   0   0   0   0   0  10   0   0   2   0   0   0   0   0   0   0   0   0   0   0   0   0   0   0   0
   0   0   0  11  11  11   0   0   0   0   0   0   0  10   0   0   2   0   0   0   0   0   0   0   0   0   0   0   0   0   0   0   0
   0   0   0  11  11  11   0   0   0   0  12  12  10  10  10   2   2   2   0   0   0   0   0   0  13   0  14   0   0   0   0   0   0
   0   0   0   0  11   0   0   0   0   0   0   0   0   0   0   2   2   2   0   0   0   0   0   0  13  13   0   0   0   0   0   0   0
   0   0   0   0   0   0   0   0   0   0   0   0   0   0   2   2   2   2   2   0   0   0   0   0  13   0   0   0   0   0   0   0   0
   0   0   0   0   0   0   0   0   0   0   0   0   0   0   0   0   0   0   0   0   0   0   0   0   0   0   0   0   0   0   0   0   0


Equivalency Array after 8-Connected Pass 1: 
1   1
2   2
3   3
4   3
5   5
6   2
7   7
8   2
9   9
10   2
11   11
12   10
13   13
14   13


Result of 8-Connected Pass 2: 

25 31 0 13
   0   0   0   0   0   0   0   0   0   0   0   0   0   0   0   0   0   0   0   0   0   0   0   0   0   0   0   0   0   0   0   0   0
   0   1   0   0   0   0   0   0   0   0   0   0   0   0   0   0   2   0   0   0   0   0   0   0   0   0   0   0   0   0   3   0   0
   0   1   1   0   0   0   0   0   0   0   0   0   0   0   0   0   2   0   0   0   0   0   0   0   0   0   0   0   0   0   3   0   0
   0   0   0   1   0   0   0   0   0   0   0   0   0   0   0   2   2   2   0   0   0   0   0   0   0   0   0   0   4   3   0   0   0
   0   0   0   0   1   1   1   0   0   0   0   0   0   0   2   2   2   2   2   0   0   0   0   0   0   0   0   4   3   0   0   0   0
   0   0   0   0   0   1   1   0   0   0   0   0   0   2   2   2   2   2   2   2   0   0   0   0   0   0   4   3   0   0   0   0   0
   0   0   0   5   0   0   0   0   0   0   0   0   2   2   2   2   0   0   2   2   2   0   0   0   0   0   3   0   0   0   0   0   0
   0   0   0   5   5   5   5   0   0   0   0   2   2   2   2   2   0   2   2   2   2   2   0   0   0   0   0   0   0   0   0   0   0
   0   0   5   0   5   0   0   0   0   0   2   2   2   2   2   2   2   2   2   2   2   2   2   0   0   0   0   6   6   0   0   0   0
   0   0   0   5   0   5   0   0   0   0   2   2   0   2   2   0   0   2   2   2   0   2   2   0   0   0   0   6   0   0   0   0   0
   0   0   0   0   0   5   0   7   0   0   2   2   2   2   2   0   0   2   2   0   2   2   2   0   0   0   0   6   0   0   0   0   0
   0   0   0   8   0   0   0   0   0   0   2   2   2   2   2   2   2   2   2   2   2   2   2   0   0   0   0   6   0   0   0   0   0
   0   0   0   8   8   8   8   8   8   2   2   2   0   2   2   2   2   2   2   2   2   2   2   2   2   2   2   2   2   0   0   0   0
   0   0   0   0   0   0   8   0   0   0   2   2   2   2   2   2   2   0   0   2   2   2   2   0   0   0   0   0   0   0   0   0   0
   0   0   0   0   0   8   0   0   0   0   2   2   2   2   0   2   2   2   0   2   2   2   2   0   0   0   0   0   0   0   0   0   0
   0   0   0   0   8   0   0   0   0   0   0   2   2   2   2   0   2   2   2   2   2   2   0   2   0   0   0   0   0   0   0   0   0
   0   0   0   0   0   0   0   0   0   0   2   0   0   2   2   0   2   2   2   2   0   0   0   0   2   2   2   0   0   0   0   0   0
   0   0   0   0   0   0   0   0   0   2   0   0   0   0   2   2   2   2   2   0   0   0   0   0   0   2   0   0   0   0   0   0   0
   0   0   0   0   0   0   0   0   2   0   0   0   0   0   0   2   2   2   0   0   9   0   0   0   0   2   2   0   0   0   0   0   0
   0   0   0   0   0   0   0   2   0   0   0   0   0   0   0   0   2   0   0   0   0   9   0   0   0   0   0   0   0   0   0   0   0
   0   0   0   0   0   0   0   0   0   0   0   0   0  10   0   0   2   0   0   0   0   0   0   0   0   0   0   0   0   0   0   0   0
   0   0   0   0  11   0   0   0   0   0   0   0   0  10   0   0   2   0   0   0   0   0   0   0   0   0   0   0   0   0   0   0   0
   0   0   0  11  11  11   0   0   0   0   0   0   0  10   0   0   2   0   0   0   0   0   0   0   0   0   0   0   0   0   0   0   0
   0   0   0  11  11  11   0   0   0   0  12  12  10  10  10   2   2   2   0   0   0   0   0   0  13   0  14   0   0   0   0   0   0
   0   0   0   0  11   0   0   0   0   0   0   0   0   0   0   2   2   2   0   0   0   0   0   0  13  13   0   0   0   0   0   0   0
   0   0   0   0   0   0   0   0   0   0   0   0   0   0   2   2   2   2   2   0   0   0   0   0  13   0   0   0   0   0   0   0   0
   0   0   0   0   0   0   0   0   0   0   0   0   0   0   0   0   0   0   0   0   0   0   0   0   0   0   0   0   0   0   0   0   0


Equivalency Array after 8-Connected Pass 2: 
1   1
2   2
3   3
4   3
5   5
6   2
7   7
8   2
9   9
10   2
11   11
12   10
13   13


Result of updated Equivalency Array after manage: 

1   1
2   2
3   3
4   3
5   4
6   2
7   5
8   2
9   6
10   2
11   7
12   2
13   8


Result of Pass 3: 

25 31 0 8
   0   0   0   0   0   0   0   0   0   0   0   0   0   0   0   0   0   0   0   0   0   0   0   0   0   0   0   0   0   0   0   0   0
   0   1   0   0   0   0   0   0   0   0   0   0   0   0   0   0   2   0   0   0   0   0   0   0   0   0   0   0   0   0   3   0   0
   0   1   1   0   0   0   0   0   0   0   0   0   0   0   0   0   2   0   0   0   0   0   0   0   0   0   0   0   0   0   3   0   0
   0   0   0   1   0   0   0   0   0   0   0   0   0   0   0   2   2   2   0   0   0   0   0   0   0   0   0   0   3   3   0   0   0
   0   0   0   0   1   1   1   0   0   0   0   0   0   0   2   2   2   2   2   0   0   0   0   0   0   0   0   3   3   0   0   0   0
   0   0   0   0   0   1   1   0   0   0   0   0   0   2   2   2   2   2   2   2   0   0   0   0   0   0   3   3   0   0   0   0   0
   0   0   0   4   0   0   0   0   0   0   0   0   2   2   2   2   0   0   2   2   2   0   0   0   0   0   3   0   0   0   0   0   0
   0   0   0   4   4   4   4   0   0   0   0   2   2   2   2   2   0   2   2   2   2   2   0   0   0   0   0   0   0   0   0   0   0
   0   0   4   0   4   0   0   0   0   0   2   2   2   2   2   2   2   2   2   2   2   2   2   0   0   0   0   2   2   0   0   0   0
   0   0   0   4   0   4   0   0   0   0   2   2   0   2   2   0   0   2   2   2   0   2   2   0   0   0   0   2   0   0   0   0   0
   0   0   0   0   0   4   0   5   0   0   2   2   2   2   2   0   0   2   2   0   2   2   2   0   0   0   0   2   0   0   0   0   0
   0   0   0   2   0   0   0   0   0   0   2   2   2   2   2   2   2   2   2   2   2   2   2   0   0   0   0   2   0   0   0   0   0
   0   0   0   2   2   2   2   2   2   2   2   2   0   2   2   2   2   2   2   2   2   2   2   2   2   2   2   2   2   0   0   0   0
   0   0   0   0   0   0   2   0   0   0   2   2   2   2   2   2   2   0   0   2   2   2   2   0   0   0   0   0   0   0   0   0   0
   0   0   0   0   0   2   0   0   0   0   2   2   2   2   0   2   2   2   0   2   2   2   2   0   0   0   0   0   0   0   0   0   0
   0   0   0   0   2   0   0   0   0   0   0   2   2   2   2   0   2   2   2   2   2   2   0   2   0   0   0   0   0   0   0   0   0
   0   0   0   0   0   0   0   0   0   0   2   0   0   2   2   0   2   2   2   2   0   0   0   0   2   2   2   0   0   0   0   0   0
   0   0   0   0   0   0   0   0   0   2   0   0   0   0   2   2   2   2   2   0   0   0   0   0   0   2   0   0   0   0   0   0   0
   0   0   0   0   0   0   0   0   2   0   0   0   0   0   0   2   2   2   0   0   6   0   0   0   0   2   2   0   0   0   0   0   0
   0   0   0   0   0   0   0   2   0   0   0   0   0   0   0   0   2   0   0   0   0   6   0   0   0   0   0   0   0   0   0   0   0
   0   0   0   0   0   0   0   0   0   0   0   0   0   2   0   0   2   0   0   0   0   0   0   0   0   0   0   0   0   0   0   0   0
   0   0   0   0   7   0   0   0   0   0   0   0   0   2   0   0   2   0   0   0   0   0   0   0   0   0   0   0   0   0   0   0   0
   0   0   0   7   7   7   0   0   0   0   0   0   0   2   0   0   2   0   0   0   0   0   0   0   0   0   0   0   0   0   0   0   0
   0   0   0   7   7   7   0   0   0   0   2   2   2   2   2   2   2   2   0   0   0   0   0   0   8   0   8   0   0   0   0   0   0
   0   0   0   0   7   0   0   0   0   0   0   0   0   0   0   2   2   2   0   0   0   0   0   0   8   8   0   0   0   0   0   0   0
   0   0   0   0   0   0   0   0   0   0   0   0   0   0   2   2   2   2   2   0   0   0   0   0   8   0   0   0   0   0   0   0   0
   0   0   0   0   0   0   0   0   0   0   0   0   0   0   0   0   0   0   0   0   0   0   0   0   0   0   0   0   0   0   0   0   0


Equivalency Array after Pass 3: 
1   1
2   2
3   3
4   3
5   4
6   2
7   5
8   2
9   6
10   2
11   7
12   2
13   8


Result after Drawing Box: 

25 31 0 8
   0   0   0   0   0   0   0   0   0   0   0   0   0   0   0   0   0   0   0   0   0   0   0   0   0   0   0   0   0   0   0   0   0
   0   1   0   0   0   0   0   0   0   0   0   0   0   0   0   0   2   0   0   0   0   0   0   0   0   0   0   0   0   0   3   0   0
   0   1   1   1   2   2   2   2   2   2   2   2   2   2   2   2   2   2   2   2   2   2   2   2   2   2   2   3   3   3   3   3   0
   0   0   1   1   2   0   0   1   0   0   0   0   0   0   0   2   2   2   0   0   0   0   0   0   0   0   0   3   3   2   0   3   0
   0   0   1   0   2   1   1   1   0   0   0   0   0   0   2   2   2   2   2   0   0   0   0   0   0   0   0   3   3   2   0   3   0
   0   0   1   0   2   1   1   1   0   0   0   0   0   2   2   2   2   2   2   2   0   0   0   0   0   0   3   3   0   2   0   3   0
   0   0   1   1   2   1   1   1   0   0   0   0   2   2   2   2   0   0   2   2   2   0   0   0   0   0   3   3   0   2   0   3   0
   0   0   0   4   4   4   4   4   0   0   0   2   2   2   2   2   0   2   2   2   2   2   0   0   0   0   0   3   3   3   3   3   0
   0   0   4   4   2   0   0   4   0   0   2   2   2   2   2   2   2   2   2   2   2   2   2   0   0   0   0   2   2   2   0   0   0
   0   0   0   4   2   4   0   4   0   0   2   2   0   2   2   0   0   2   2   2   0   2   2   0   0   0   0   2   0   2   0   0   0
   0   0   0   4   2   4   0   4   0   0   2   2   2   2   2   0   0   2   2   0   2   2   2   0   0   0   0   2   0   2   0   0   0
   0   0   0   4   4   4   4   4   5   0   2   2   2   2   2   2   2   2   2   2   2   2   2   0   0   0   0   2   0   2   0   0   0
   0   0   0   2   2   2   2   2   2   2   2   2   0   2   2   2   2   2   2   2   2   2   2   2   2   2   2   2   2   2   0   0   0
   0   0   0   0   2   0   2   0   0   0   2   2   2   2   2   2   2   0   0   2   2   2   2   0   0   0   0   0   0   2   0   0   0
   0   0   0   0   2   2   0   0   0   0   2   2   2   2   0   2   2   2   0   2   2   2   2   0   0   0   0   0   0   2   0   0   0
   0   0   0   0   2   0   0   0   0   0   0   2   2   2   2   0   2   2   2   2   2   2   0   2   0   0   0   0   0   2   0   0   0
   0   0   0   0   2   0   0   0   0   0   2   0   0   2   2   0   2   2   2   2   0   0   0   0   2   2   2   0   0   2   0   0   0
   0   0   0   0   2   0   0   0   0   2   0   0   0   0   2   2   2   2   2   0   0   0   0   0   0   2   0   0   0   2   0   0   0
   0   0   0   0   2   0   0   0   2   0   0   0   0   0   0   2   2   2   0   0   6   0   0   0   0   2   2   0   0   2   0   0   0
   0   0   0   0   2   0   0   2   0   0   0   0   0   0   0   0   2   0   0   0   0   6   6   0   0   0   0   0   0   2   0   0   0
   0   0   0   0   2   0   0   0   0   0   0   0   0   2   0   0   2   0   0   0   0   6   6   0   0   0   0   0   0   2   0   0   0
   0   0   0   0   2   0   0   0   0   0   0   0   0   2   0   0   2   0   0   0   0   0   0   0   0   0   0   0   0   2   0   0   0
   0   0   0   7   7   7   7   0   0   0   0   0   0   2   0   0   2   0   0   0   0   0   0   0   0   0   0   0   0   2   0   0   0
   0   0   0   7   7   7   7   0   0   0   2   2   2   2   2   2   2   2   0   0   0   0   0   0   8   0   8   0   0   2   0   0   0
   0   0   0   0   7   0   7   0   0   0   0   0   0   0   0   2   2   2   0   0   0   0   0   0   8   8   8   8   0   2   0   0   0
   0   0   0   0   7   7   7   0   0   0   0   0   0   0   2   2   2   2   2   0   0   0   0   0   8   8   0   8   0   2   0   0   0
   0   0   0   0   2   2   2   2   2   2   2   2   2   2   2   2   2   2   2   2   2   2   2   2   2   8   8   8   2   2   0   0   0


The trueNumCC is : 8
