

Reformate Pretty Print for initial zeroFramedAry: 

25 31 0 1
   0   0   0   0   0   0   0   0   0   0   0   0   0   0   0   0   0   0   0   0   0   0   0   0   0   0   0   0   0   0   0   0   0
   0   1   0   0   0   0   0   0   0   0   0   0   0   0   0   0   1   0   0   0   0   0   0   0   0   0   0   0   0   0   1   0   0
   0   1   1   0   0   0   0   0   0   0   0   0   0   0   0   0   1   0   0   0   0   0   0   0   0   0   0   0   0   0   1   0   0
   0   0   0   1   0   0   0   0   0   0   0   0   0   0   0   1   1   1   0   0   0   0   0   0   0   0   0   0   1   1   0   0   0
   0   0   0   0   1   1   1   0   0   0   0   0   0   0   1   1   1   1   1   0   0   0   0   0   0   0   0   1   1   0   0   0   0
   0   0   0   0   0   1   1   0   0   0   0   0   0   1   1   1   1   1   1   1   0   0   0   0   0   0   1   1   0   0   0   0   0
   0   0   0   1   0   0   0   0   0   0   0   0   1   1   1   1   0   0   1   1   1   0   0   0   0   0   1   0   0   0   0   0   0
   0   0   0   1   1   1   1   0   0   0   0   1   1   1   1   1   0   1   1   1   1   1   0   0   0   0   0   0   0   0   0   0   0
   0   0   1   0   1   0   0   0   0   0   1   1   1   1   1   1   1   1   1   1   1   1   1   0   0   0   0   1   1   0   0   0   0
   0   0   0   1   0   1   0   0   0   0   1   1   0   1   1   0   0   1   1   1   0   1   1   0   0   0   0   1   0   0   0   0   0
   0   0   0   0   0   1   0   1   0   0   1   1   1   1   1   0   0   1   1   0   1   1   1   0   0   0   0   1   0   0   0   0   0
   0   0   0   1   0   0   0   0   0   0   1   1   1   1   1   1   1   1   1   1   1   1   1   0   0   0   0   1   0   0   0   0   0
   0   0   0   1   1   1   1   1   1   1   1   1   0   1   1   1   1   1   1   1   1   1   1   1   1   1   1   1   1   0   0   0   0
   0   0   0   0   0   0   1   0   0   0   1   1   1   1   1   1   1   0   0   1   1   1   1   0   0   0   0   0   0   0   0   0   0
   0   0   0   0   0   1   0   0   0   0   1   1   1   1   0   1   1   1   0   1   1   1   1   0   0   0   0   0   0   0   0   0   0
   0   0   0   0   1   0   0   0   0   0   0   1   1   1   1   0   1   1   1   1   1   1   0   1   0   0   0   0   0   0   0   0   0
   0   0   0   0   0   0   0   0   0   0   1   0   0   1   1   0   1   1   1   1   0   0   0   0   1   1   1   0   0   0   0   0   0
   0   0   0   0   0   0   0   0   0   1   0   0   0   0   1   1   1   1   1   0   0   0   0   0   0   1   0   0   0   0   0   0   0
   0   0   0   0   0   0   0   0   1   0   0   0   0   0   0   1   1   1   0   0   1   0   0   0   0   1   1   0   0   0   0   0   0
   0   0   0   0   0   0   0   1   0   0   0   0   0   0   0   0   1   0   0   0   0   1   0   0   0   0   0   0   0   0   0   0   0
   0   0   0   0   0   0   0   0   0   0   0   0   0   1   0   0   1   0   0   0   0   0   0   0   0   0   0   0   0   0   0   0   0
   0   0   0   0   1   0   0   0   0   0   0   0   0   1   0   0   1   0   0   0   0   0   0   0   0   0   0   0   0   0   0   0   0
   0   0   0   1   1   1   0   0   0   0   0   0   0   1   0   0   1   0   0   0   0   0   0   0   0   0   0   0   0   0   0   0   0
   0   0   0   1   1   1   0   0   0   0   1   1   1   1   1   1   1   1   0   0   0   0   0   0   1   0   1   0   0   0   0   0   0
   0   0   0   0   1   0   0   0   0   0   0   0   0   0   0   1   1   1   0   0   0   0   0   0   1   1   0   0   0   0   0   0   0
   0   0   0   0   0   0   0   0   0   0   0   0   0   0   1   1   1   1   1   0   0   0   0   0   1   0   0   0   0   0   0   0   0
   0   0   0   0   0   0   0   0   0   0   0   0   0   0   0   0   0   0   0   0   0   0   0   0   0   0   0   0   0   0   0   0   0


Result of 4-Connected Pass 1: 

25 31 0 40
   0   0   0   0   0   0   0   0   0   0   0   0   0   0   0   0   0   0   0   0   0   0   0   0   0   0   0   0   0   0   0   0   0
   0   1   0   0   0   0   0   0   0   0   0   0   0   0   0   0   2   0   0   0   0   0   0   0   0   0   0   0   0   0   3   0   0
   0   1   1   0   0   0   0   0   0   0   0   0   0   0   0   0   2   0   0   0   0   0   0   0   0   0   0   0   0   0   3   0   0
   0   0   0   4   0   0   0   0   0   0   0   0   0   0   0   5   2   2   0   0   0   0   0   0   0   0   0   0   6   6   0   0   0
   0   0   0   0   7   7   7   0   0   0   0   0   0   0   8   5   2   2   2   0   0   0   0   0   0   0   0   9   6   0   0   0   0
   0   0   0   0   0   7   7   0   0   0   0   0   0  10   8   5   2   2   2   2   0   0   0   0   0   0  11   9   0   0   0   0   0
   0   0   0  12   0   0   0   0   0   0   0   0  13  10   8   5   0   0   2   2   2   0   0   0   0   0  11   0   0   0   0   0   0
   0   0   0  12  12  12  12   0   0   0   0  14  13  10   8   5   0  15   2   2   2   2   0   0   0   0   0   0   0   0   0   0   0
   0   0  16   0  12   0   0   0   0   0  17  14  13  10   8   5   5   5   2   2   2   2   2   0   0   0   0  18  18   0   0   0   0
   0   0   0  19   0  20   0   0   0   0  17  14   0  10   8   0   0   5   2   2   0   2   2   0   0   0   0  18   0   0   0   0   0
   0   0   0   0   0  20   0  21   0   0  17  14  14  10   8   0   0   5   2   0  22   2   2   0   0   0   0  18   0   0   0   0   0
   0   0   0  23   0   0   0   0   0   0  17  14  14  10   8   8   8   5   2   2   2   2   2   0   0   0   0  18   0   0   0   0   0
   0   0   0  23  23  23  23  23  23  23  17  14   0  10   8   8   8   5   2   2   2   2   2   2   2   2   2   2   2   0   0   0   0
   0   0   0   0   0   0  23   0   0   0  17  14  14  10   8   8   8   0   0   2   2   2   2   0   0   0   0   0   0   0   0   0   0
   0   0   0   0   0  24   0   0   0   0  17  14  14  10   0   8   8   8   0   2   2   2   2   0   0   0   0   0   0   0   0   0   0
   0   0   0   0  25   0   0   0   0   0   0  14  14  10  10   0   8   8   8   2   2   2   0  26   0   0   0   0   0   0   0   0   0
   0   0   0   0   0   0   0   0   0   0  27   0   0  10  10   0   8   8   8   2   0   0   0   0  28  28  28   0   0   0   0   0   0
   0   0   0   0   0   0   0   0   0  29   0   0   0   0  10  10   8   8   8   0   0   0   0   0   0  28   0   0   0   0   0   0   0
   0   0   0   0   0   0   0   0  30   0   0   0   0   0   0  10   8   8   0   0  31   0   0   0   0  28  28   0   0   0   0   0   0
   0   0   0   0   0   0   0  32   0   0   0   0   0   0   0   0   8   0   0   0   0  33   0   0   0   0   0   0   0   0   0   0   0
   0   0   0   0   0   0   0   0   0   0   0   0   0  34   0   0   8   0   0   0   0   0   0   0   0   0   0   0   0   0   0   0   0
   0   0   0   0  35   0   0   0   0   0   0   0   0  34   0   0   8   0   0   0   0   0   0   0   0   0   0   0   0   0   0   0   0
   0   0   0  36  35  35   0   0   0   0   0   0   0  34   0   0   8   0   0   0   0   0   0   0   0   0   0   0   0   0   0   0   0
   0   0   0  36  35  35   0   0   0   0  37  37  37  34  34  34   8   8   0   0   0   0   0   0  38   0  39   0   0   0   0   0   0
   0   0   0   0  35   0   0   0   0   0   0   0   0   0   0  34   8   8   0   0   0   0   0   0  38  38   0   0   0   0   0   0   0
   0   0   0   0   0   0   0   0   0   0   0   0   0   0  40  34   8   8   8   0   0   0   0   0  38   0   0   0   0   0   0   0   0
   0   0   0   0   0   0   0   0   0   0   0   0   0   0   0   0   0   0   0   0   0   0   0   0   0   0   0   0   0   0   0   0   0


Equivalency Array after 4-Connected Pass 1: 
1   1
2   2
3   3
4   4
5   2
6   6
7   7
8   2
9   6
10   8
11   9
12   12
13   10
14   10
15   5
16   16
17   14
18   2
19   19
20   20
21   21
22   2
23   17
24   24
25   25
26   26
27   27
28   28
29   29
30   30
31   31
32   32
33   33
34   8
35   35
36   35
37   34
38   38
39   39
40   34


Result of 4-Connected Pass 2: 

25 31 0 39
   0   0   0   0   0   0   0   0   0   0   0   0   0   0   0   0   0   0   0   0   0   0   0   0   0   0   0   0   0   0   0   0   0
   0   1   0   0   0   0   0   0   0   0   0   0   0   0   0   0   2   0   0   0   0   0   0   0   0   0   0   0   0   0   3   0   0
   0   1   1   0   0   0   0   0   0   0   0   0   0   0   0   0   2   0   0   0   0   0   0   0   0   0   0   0   0   0   3   0   0
   0   0   0   4   0   0   0   0   0   0   0   0   0   0   0   2   2   2   0   0   0   0   0   0   0   0   0   0   6   6   0   0   0
   0   0   0   0   7   7   7   0   0   0   0   0   0   0   2   2   2   2   2   0   0   0   0   0   0   0   0   6   6   0   0   0   0
   0   0   0   0   0   7   7   0   0   0   0   0   0   2   2   2   2   2   2   2   0   0   0   0   0   0   9   9   0   0   0   0   0
   0   0   0  12   0   0   0   0   0   0   0   0   2   2   2   2   0   0   2   2   2   0   0   0   0   0  11   0   0   0   0   0   0
   0   0   0  12  12  12  12   0   0   0   0   2   2   2   2   2   0   2   2   2   2   2   0   0   0   0   0   0   0   0   0   0   0
   0   0  16   0  12   0   0   0   0   0   2   2   2   2   2   2   2   2   2   2   2   2   2   0   0   0   0   2  18   0   0   0   0
   0   0   0  19   0  20   0   0   0   0   2   2   0   2   2   0   0   2   2   2   0   2   2   0   0   0   0   2   0   0   0   0   0
   0   0   0   0   0  20   0  21   0   0   2   2   2   2   2   0   0   2   2   0   2   2   2   0   0   0   0   2   0   0   0   0   0
   0   0   0   2   0   0   0   0   0   0   2   2   2   2   2   2   2   2   2   2   2   2   2   0   0   0   0   2   0   0   0   0   0
   0   0   0   2   2   2   2   2   2   2   2   2   0   2   2   2   2   2   2   2   2   2   2   2   2   2   2   2   2   0   0   0   0
   0   0   0   0   0   0  23   0   0   0   2   2   2   2   2   2   2   0   0   2   2   2   2   0   0   0   0   0   0   0   0   0   0
   0   0   0   0   0  24   0   0   0   0   8   8   8   8   0   2   2   2   0   2   2   2   2   0   0   0   0   0   0   0   0   0   0
   0   0   0   0  25   0   0   0   0   0   0   8   8   8   8   0   2   2   2   2   2   2   0  26   0   0   0   0   0   0   0   0   0
   0   0   0   0   0   0   0   0   0   0  27   0   0   8   8   0   2   2   2   2   0   0   0   0  28  28  28   0   0   0   0   0   0
   0   0   0   0   0   0   0   0   0  29   0   0   0   0   8   8   8   8   8   0   0   0   0   0   0  28   0   0   0   0   0   0   0
   0   0   0   0   0   0   0   0  30   0   0   0   0   0   0   8   8   8   0   0  31   0   0   0   0  28  28   0   0   0   0   0   0
   0   0   0   0   0   0   0  32   0   0   0   0   0   0   0   0   8   0   0   0   0  33   0   0   0   0   0   0   0   0   0   0   0
   0   0   0   0   0   0   0   0   0   0   0   0   0   8   0   0   8   0   0   0   0   0   0   0   0   0   0   0   0   0   0   0   0
   0   0   0   0  35   0   0   0   0   0   0   0   0   8   0   0   8   0   0   0   0   0   0   0   0   0   0   0   0   0   0   0   0
   0   0   0  35  35  35   0   0   0   0   0   0   0   8   0   0   8   0   0   0   0   0   0   0   0   0   0   0   0   0   0   0   0
   0   0   0  35  35  35   0   0   0   0   8   8   8   8   8   8   8   8   0   0   0   0   0   0  38   0  39   0   0   0   0   0   0
   0   0   0   0  35   0   0   0   0   0   0   0   0   0   0   8   8   8   0   0   0   0   0   0  38  38   0   0   0   0   0   0   0
   0   0   0   0   0   0   0   0   0   0   0   0   0   0   8   8   8   8   8   0   0   0   0   0  38   0   0   0   0   0   0   0   0
   0   0   0   0   0   0   0   0   0   0   0   0   0   0   0   0   0   0   0   0   0   0   0   0   0   0   0   0   0   0   0   0   0


Equivalency Array after 4-Connected Pass 2: 
1   1
2   2
3   3
4   4
5   2
6   6
7   7
8   2
9   6
10   2
11   9
12   12
13   2
14   2
15   2
16   16
17   2
18   2
19   19
20   20
21   21
22   2
23   2
24   24
25   25
26   26
27   27
28   28
29   29
30   30
31   31
32   32
33   33
34   8
35   35
36   35
37   8
38   38
39   39


Result of updated Equivalency Array after manage: 

1   1
2   2
3   3
4   4
5   2
6   5
7   6
8   2
9   5
10   2
11   5
12   7
13   2
14   2
15   2
16   8
17   2
18   2
19   9
20   10
21   11
22   2
23   2
24   12
25   13
26   14
27   15
28   16
29   17
30   18
31   19
32   20
33   21
34   2
35   22
36   22
37   2
38   23
39   24


Result of Pass 3: 

25 31 0 24
   0   0   0   0   0   0   0   0   0   0   0   0   0   0   0   0   0   0   0   0   0   0   0   0   0   0   0   0   0   0   0   0   0
   0   1   0   0   0   0   0   0   0   0   0   0   0   0   0   0   2   0   0   0   0   0   0   0   0   0   0   0   0   0   3   0   0
   0   1   1   0   0   0   0   0   0   0   0   0   0   0   0   0   2   0   0   0   0   0   0   0   0   0   0   0   0   0   3   0   0
   0   0   0   4   0   0   0   0   0   0   0   0   0   0   0   2   2   2   0   0   0   0   0   0   0   0   0   0   5   5   0   0   0
   0   0   0   0   6   6   6   0   0   0   0   0   0   0   2   2   2   2   2   0   0   0   0   0   0   0   0   5   5   0   0   0   0
   0   0   0   0   0   6   6   0   0   0   0   0   0   2   2   2   2   2   2   2   0   0   0   0   0   0   5   5   0   0   0   0   0
   0   0   0   7   0   0   0   0   0   0   0   0   2   2   2   2   0   0   2   2   2   0   0   0   0   0   5   0   0   0   0   0   0
   0   0   0   7   7   7   7   0   0   0   0   2   2   2   2   2   0   2   2   2   2   2   0   0   0   0   0   0   0   0   0   0   0
   0   0   8   0   7   0   0   0   0   0   2   2   2   2   2   2   2   2   2   2   2   2   2   0   0   0   0   2   2   0   0   0   0
   0   0   0   9   0  10   0   0   0   0   2   2   0   2   2   0   0   2   2   2   0   2   2   0   0   0   0   2   0   0   0   0   0
   0   0   0   0   0  10   0  11   0   0   2   2   2   2   2   0   0   2   2   0   2   2   2   0   0   0   0   2   0   0   0   0   0
   0   0   0   2   0   0   0   0   0   0   2   2   2   2   2   2   2   2   2   2   2   2   2   0   0   0   0   2   0   0   0   0   0
   0   0   0   2   2   2   2   2   2   2   2   2   0   2   2   2   2   2   2   2   2   2   2   2   2   2   2   2   2   0   0   0   0
   0   0   0   0   0   0   2   0   0   0   2   2   2   2   2   2   2   0   0   2   2   2   2   0   0   0   0   0   0   0   0   0   0
   0   0   0   0   0  12   0   0   0   0   2   2   2   2   0   2   2   2   0   2   2   2   2   0   0   0   0   0   0   0   0   0   0
   0   0   0   0  13   0   0   0   0   0   0   2   2   2   2   0   2   2   2   2   2   2   0  14   0   0   0   0   0   0   0   0   0
   0   0   0   0   0   0   0   0   0   0  15   0   0   2   2   0   2   2   2   2   0   0   0   0  16  16  16   0   0   0   0   0   0
   0   0   0   0   0   0   0   0   0  17   0   0   0   0   2   2   2   2   2   0   0   0   0   0   0  16   0   0   0   0   0   0   0
   0   0   0   0   0   0   0   0  18   0   0   0   0   0   0   2   2   2   0   0  19   0   0   0   0  16  16   0   0   0   0   0   0
   0   0   0   0   0   0   0  20   0   0   0   0   0   0   0   0   2   0   0   0   0  21   0   0   0   0   0   0   0   0   0   0   0
   0   0   0   0   0   0   0   0   0   0   0   0   0   2   0   0   2   0   0   0   0   0   0   0   0   0   0   0   0   0   0   0   0
   0   0   0   0  22   0   0   0   0   0   0   0   0   2   0   0   2   0   0   0   0   0   0   0   0   0   0   0   0   0   0   0   0
   0   0   0  22  22  22   0   0   0   0   0   0   0   2   0   0   2   0   0   0   0   0   0   0   0   0   0   0   0   0   0   0   0
   0   0   0  22  22  22   0   0   0   0   2   2   2   2   2   2   2   2   0   0   0   0   0   0  23   0  24   0   0   0   0   0   0
   0   0   0   0  22   0   0   0   0   0   0   0   0   0   0   2   2   2   0   0   0   0   0   0  23  23   0   0   0   0   0   0   0
   0   0   0   0   0   0   0   0   0   0   0   0   0   0   2   2   2   2   2   0   0   0   0   0  23   0   0   0   0   0   0   0   0
   0   0   0   0   0   0   0   0   0   0   0   0   0   0   0   0   0   0   0   0   0   0   0   0   0   0   0   0   0   0   0   0   0


Equivalency Array after Pass 3: 
1   1
2   2
3   3
4   4
5   2
6   5
7   6
8   2
9   5
10   2
11   5
12   7
13   2
14   2
15   2
16   8
17   2
18   2
19   9
20   10
21   11
22   2
23   2
24   12
25   13
26   14
27   15
28   16
29   17
30   18
31   19
32   20
33   21
34   2
35   22
36   22
37   2
38   23
39   24


Result after Drawing Box: 

25 31 0 24
   0   0   0   0   0   0   0   0   0   0   0   0   0   0   0   0   0   0   0   0   0   0   0   0   0   0   0   0   0   0   0   0   0
   0   1   0   0   0   0   0   0   0   0   0   0   0   0   0   0   2   0   0   0   0   0   0   0   0   0   0   0   0   0   3   0   0
   0   1   1   1   2   2   2   2   2   2   2   2   2   2   2   2   2   2   2   2   2   2   2   2   2   2   2   2   2   2   3   3   0
   0   0   1   1   2   0   0   0   0   0   0   0   0   0   0   2   2   2   0   0   0   0   0   0   0   0   0   0   5   2   0   3   0
   0   0   0   0   4   6   6   0   0   0   0   0   0   0   2   2   2   2   2   0   0   0   0   0   0   0   0   5   5   5   5   0   0
   0   0   0   0   2   6   6   6   0   0   0   0   0   2   2   2   2   2   2   2   0   0   0   0   0   0   5   5   0   2   5   0   0
   0   0   0   7   2   6   6   6   0   0   0   0   2   2   2   2   0   0   2   2   2   0   0   0   0   0   5   5   0   2   5   0   0
   0   0   0   7   7   7   7   7   0   0   0   2   2   2   2   2   0   2   2   2   2   2   0   0   0   0   0   5   5   5   5   0   0
   0   0   8   0   7   0   0   7   0   0   2   2   2   2   2   2   2   2   2   2   2   2   2   0   0   0   0   2   2   2   0   0   0
   0   0   0   8   7   7   7   7   0   0   2   2   0   2   2   0   0   2   2   2   0   2   2   0   0   0   0   2   0   2   0   0   0
   0   0   0   0   9  10  10  11   0   0   2   2   2   2   2   0   0   2   2   0   2   2   2   0   0   0   0   2   0   2   0   0   0
   0   0   0   2   2   0  10   0  11   0   2   2   2   2   2   2   2   2   2   2   2   2   2   0   0   0   0   2   0   2   0   0   0
   0   0   0   2   2   2   2   2   2   2   2   2   0   2   2   2   2   2   2   2   2   2   2   2   2   2   2   2   2   2   0   0   0
   0   0   0   0   2   0   2   0   0   0   2   2   2   2   2   2   2   0   0   2   2   2   2   0   0   0   0   0   0   2   0   0   0
   0   0   0   0   2  12   0   0   0   0   2   2   2   2   0   2   2   2   0   2   2   2   2   0   0   0   0   0   0   2   0   0   0
   0   0   0   0   2   0  12   0   0   0   0   2   2   2   2   0   2   2   2   2   2   2   0  14   0   0   0   0   0   2   0   0   0
   0   0   0   0   2  13   0   0   0   0  15   0   0   2   2   0   2   2   2   2   0   0   0   0  14  16  16   0   0   2   0   0   0
   0   0   0   0   2   0   0   0   0  17   0  15   0   0   2   2   2   2   2   0   0   0   0   0   0  16  16  16   0   2   0   0   0
   0   0   0   0   2   0   0   0  18   0  17   0   0   0   0   2   2   2   0   0  19   0   0   0   0  16  16  16   0   2   0   0   0
   0   0   0   0   2   0   0  20   0  18   0   0   0   0   0   0   2   0   0   0   0  19   0   0   0  16  16  16   0   2   0   0   0
   0   0   0   0   2   0   0   0  20   0   0   0   0   2   0   0   2   0   0   0   0   0  21   0   0   0   0   0   0   2   0   0   0
   0   0   0   0   2   0   0   0   0   0   0   0   0   2   0   0   2   0   0   0   0   0   0   0   0   0   0   0   0   2   0   0   0
   0   0   0  22  22  22  22   0   0   0   0   0   0   2   0   0   2   0   0   0   0   0   0   0   0   0   0   0   0   2   0   0   0
   0   0   0  22  22  22  22   0   0   0   2   2   2   2   2   2   2   2   0   0   0   0   0   0  23   0  24   0   0   2   0   0   0
   0   0   0   0  22   0  22   0   0   0   0   0   0   0   0   2   2   2   0   0   0   0   0   0  23  23  23  24   0   2   0   0   0
   0   0   0   0  22  22  22   0   0   0   0   0   0   0   2   2   2   2   2   0   0   0   0   0  23  23  23   0   0   2   0   0   0
   0   0   0   0   2   2   2   2   2   2   2   2   2   2   2   2   2   2   2   2   2   2   2   2   2  23  23   2   2   2   0   0   0


The trueNumCC is : 24
